
    <inertial>
      <origin
        xyz=-0.0420894636209823 -0.0119430230768063 0.014020548545619
        rpy=0 0 0 />
      <mass
        value=2.98521046700997 />
      <inertia
        ixx=0.0175339728289488
        ixy=7.37808132558332E-20
        ixz=3.19556197905686E-20
        iyy=0.0159050817158523
        iyz=1.06795507810174E-18
        izz=0.033340805189063 />
    </inertial>
